-7.946436 -7.946436
-7.946436 -6.953131
-7.946436 -5.959827
-7.946436 -4.966522
-7.946436 -3.973218
-7.946436 -2.979913
-7.946436 -1.986609
-7.946436 -0.993304
-7.946436 0.000000
-7.946436 0.993304
-7.946436 1.986609
-7.946436 2.979913
-7.946436 3.973218
-7.946436 4.966522
-7.946436 5.959827
-7.946436 6.953131
-7.946436 7.946436
-6.953131 -7.946436
-6.953131 -6.953131
-6.953131 -5.959827
-6.953131 -4.966522
-6.953131 -3.973218
-6.953131 -2.979913
-6.953131 -1.986609
-6.953131 -0.993304
-6.953131 0.000000
-6.953131 0.993304
-6.953131 1.986609
-6.953131 2.979913
-6.953131 3.973218
-6.953131 4.966522
-6.953131 5.959827
-6.953131 6.953131
-6.953131 7.946436
-5.959827 -7.946436
-5.959827 -6.953131
-5.959827 -5.959827
-5.959827 -4.966522
-5.959827 -3.973218
-5.959827 -2.979913
-5.959827 -1.986609
-5.959827 -0.993304
-5.959827 0.000000
-5.959827 0.993304
-5.959827 1.986609
-5.959827 2.979913
-5.959827 3.973218
-5.959827 4.966522
-5.959827 5.959827
-5.959827 6.953131
-5.959827 7.946436
-4.966522 -7.946436
-4.966522 -6.953131
-4.966522 -5.959827
-4.966522 -4.966522
-4.966522 -3.973218
-4.966522 -2.979913
-4.966522 -1.986609
-4.966522 -0.993304
-4.966522 0.000000
-4.966522 0.993304
-4.966522 1.986609
-4.966522 2.979913
-4.966522 3.973218
-4.966522 4.966522
-4.966522 5.959827
-4.966522 6.953131
-4.966522 7.946436
-3.973218 -7.946436
-3.973218 -6.953131
-3.973218 -5.959827
-3.973218 -4.966522
-3.973218 -3.973218
-3.973218 -2.979913
-3.973218 -1.986609
-3.973218 -0.993304
-3.973218 0.000000
-3.973218 0.993304
-3.973218 1.986609
-3.973218 2.979913
-3.973218 3.973218
-3.973218 4.966522
-3.973218 5.959827
-3.973218 6.953131
-3.973218 7.946436
-2.979913 -7.946436
-2.979913 -6.953131
-2.979913 -5.959827
-2.979913 -4.966522
-2.979913 -3.973218
-2.979913 -2.979913
-2.979913 -1.986609
-2.979913 -0.993304
-2.979913 0.000000
-2.979913 0.993304
-2.979913 1.986609
-2.979913 2.979913
-2.979913 3.973218
-2.979913 4.966522
-2.979913 5.959827
-2.979913 6.953131
-2.979913 7.946436
-1.986609 -7.946436
-1.986609 -6.953131
-1.986609 -5.959827
-1.986609 -4.966522
-1.986609 -3.973218
-1.986609 -2.979913
-1.986609 -1.986609
-1.986609 -0.993304
-1.986609 0.000000
-1.986609 0.993304
-1.986609 1.986609
-1.986609 2.979913
-1.986609 3.973218
-1.986609 4.966522
-1.986609 5.959827
-1.986609 6.953131
-1.986609 7.946436
-0.993304 -7.946436
-0.993304 -6.953131
-0.993304 -5.959827
-0.993304 -4.966522
-0.993304 -3.973218
-0.993304 -2.979913
-0.993304 -1.986609
-0.993304 -0.993304
-0.993304 0.000000
-0.993304 0.993304
-0.993304 1.986609
-0.993304 2.979913
-0.993304 3.973218
-0.993304 4.966522
-0.993304 5.959827
-0.993304 6.953131
-0.993304 7.946436
0.000000 -7.946436
0.000000 -6.953131
0.000000 -5.959827
0.000000 -4.966522
0.000000 -3.973218
0.000000 -2.979913
0.000000 -1.986609
0.000000 -0.993304
0.000000 0.000000
0.000000 0.993304
0.000000 1.986609
0.000000 2.979913
0.000000 3.973218
0.000000 4.966522
0.000000 5.959827
0.000000 6.953131
0.000000 7.946436
0.993304 -7.946436
0.993304 -6.953131
0.993304 -5.959827
0.993304 -4.966522
0.993304 -3.973218
0.993304 -2.979913
0.993304 -1.986609
0.993304 -0.993304
0.993304 0.000000
0.993304 0.993304
0.993304 1.986609
0.993304 2.979913
0.993304 3.973218
0.993304 4.966522
0.993304 5.959827
0.993304 6.953131
0.993304 7.946436
1.986609 -7.946436
1.986609 -6.953131
1.986609 -5.959827
1.986609 -4.966522
1.986609 -3.973218
1.986609 -2.979913
1.986609 -1.986609
1.986609 -0.993304
1.986609 0.000000
1.986609 0.993304
1.986609 1.986609
1.986609 2.979913
1.986609 3.973218
1.986609 4.966522
1.986609 5.959827
1.986609 6.953131
1.986609 7.946436
2.979913 -7.946436
2.979913 -6.953131
2.979913 -5.959827
2.979913 -4.966522
2.979913 -3.973218
2.979913 -2.979913
2.979913 -1.986609
2.979913 -0.993304
2.979913 0.000000
2.979913 0.993304
2.979913 1.986609
2.979913 2.979913
2.979913 3.973218
2.979913 4.966522
2.979913 5.959827
2.979913 6.953131
2.979913 7.946436
3.973218 -7.946436
3.973218 -6.953131
3.973218 -5.959827
3.973218 -4.966522
3.973218 -3.973218
3.973218 -2.979913
3.973218 -1.986609
3.973218 -0.993304
3.973218 0.000000
3.973218 0.993304
3.973218 1.986609
3.973218 2.979913
3.973218 3.973218
3.973218 4.966522
3.973218 5.959827
3.973218 6.953131
3.973218 7.946436
4.966522 -7.946436
4.966522 -6.953131
4.966522 -5.959827
4.966522 -4.966522
4.966522 -3.973218
4.966522 -2.979913
4.966522 -1.986609
4.966522 -0.993304
4.966522 0.000000
4.966522 0.993304
4.966522 1.986609
4.966522 2.979913
4.966522 3.973218
4.966522 4.966522
4.966522 5.959827
4.966522 6.953131
4.966522 7.946436
5.959827 -7.946436
5.959827 -6.953131
5.959827 -5.959827
5.959827 -4.966522
5.959827 -3.973218
5.959827 -2.979913
5.959827 -1.986609
5.959827 -0.993304
5.959827 0.000000
5.959827 0.993304
5.959827 1.986609
5.959827 2.979913
5.959827 3.973218
5.959827 4.966522
5.959827 5.959827
5.959827 6.953131
5.959827 7.946436
6.953131 -7.946436
6.953131 -6.953131
6.953131 -5.959827
6.953131 -4.966522
6.953131 -3.973218
6.953131 -2.979913
6.953131 -1.986609
6.953131 -0.993304
6.953131 0.000000
6.953131 0.993304
6.953131 1.986609
6.953131 2.979913
6.953131 3.973218
6.953131 4.966522
6.953131 5.959827
6.953131 6.953131
6.953131 7.946436
7.946436 -7.946436
7.946436 -6.953131
7.946436 -5.959827
7.946436 -4.966522
7.946436 -3.973218
7.946436 -2.979913
7.946436 -1.986609
7.946436 -0.993304
7.946436 0.000000
7.946436 0.993304
7.946436 1.986609
7.946436 2.979913
7.946436 3.973218
7.946436 4.966522
7.946436 5.959827
7.946436 6.953131
7.946436 7.946436
