0.010996
0.045103
0.002329
0.002301
0.002416
0.001288
0.009551
0.002434
0.016817
0.004358
0.003127
0.002056
0.001476
0.003108
0.001911
0.008200
0.005975
0.005029
0.001158
0.005182
0.002018
0.004102
0.014508
0.005537
0.002411
0.001944
0.002252
0.002705
0.006680
0.006678
0.005754
0.001927
0.134216
0.001931
0.017258
0.004261
0.010904
0.014017
0.014088
0.039956
0.020491
0.036630
0.004574
0.004572
0.042696
0.032548
0.019720
0.017342
0.015376
0.022471
0.011756
0.016745
0.013470
0.073805
0.031396
0.009811
0.018898
0.011634
0.008598
0.092989
0.010394
0.026128
0.008340
0.022818
0.054913
0.018158
0.010162
0.016134
0.010916
0.016757
0.006988
0.153235
0.017991
0.053184
0.003640
0.004773
0.005771
0.001694
0.011924
0.003456
0.029210
0.003957
0.010305
0.005205
0.006291
0.003331
0.008662
0.015666
0.114463
0.004595
0.002818
0.004096
0.004043
0.002003
0.001910
0.006864
0.010706
0.013156
0.002231
0.009068
0.013919
0.005007
0.003054
0.001086
0.003272
0.002817
0.006334
0.006426
0.006939
0.001972
0.003251
0.020516
0.008775
0.002147
0.002016
0.003352
0.005467
0.003026
0.003266
0.001501
0.003273
0.015861
0.003101
0.006407
0.006937
0.003274
0.002642
0.003444
0.002968
0.003395
0.002533
0.006262
0.046763
0.017012
0.025220
0.032566
0.007845
0.006423
0.023515
0.004386
0.007309
0.012920
0.010544
0.006164
0.005106
0.007379
0.008080
0.043789
0.007421
0.010232
0.006165
0.129821
0.005961
0.003675
0.004082
0.002105
0.021552
0.214150
0.002080
0.016184
0.011894
0.004049
0.005896
0.043630
0.033674
0.002531
0.009216
0.011027
0.017481
0.006467
0.005656
0.023968
0.005192
0.109685
0.003312
0.166646
0.013146
0.023357
0.066548
0.106870
0.021580
0.008873
0.066410
0.035562
0.022363
0.031669
0.045233
0.040970
0.003744
0.030108
0.004109
0.011585
0.033466
0.037473
0.008643
0.073621
0.007235
0.024905
0.025020
0.040636
0.030238
0.020024
0.008051
0.046082
0.011992
0.004646
0.005025
0.002780
0.015246
0.002381
0.002383
0.001257
0.002869
0.002566
0.002113
0.004264
0.002298
0.000915
0.003124
0.005195
0.001899
0.002120
0.002039
0.002050
0.006962
0.001237
0.001126
0.002565
0.002819
0.001378
0.016303
0.000726
0.015483
0.001246
0.002358
0.004348
0.002875
0.001292
0.008883
0.004922
0.002119
0.013763
0.022674
0.003582
0.007554
0.001442
0.000979
0.003667
0.002014
0.007813
0.001452
0.001022
0.004522
0.001534
0.009515
0.004321
0.001371
0.000929
0.002497
0.005774
0.007844
0.002587
0.003047
0.005932
0.001424
0.001394
0.002076
0.003096
0.001125
0.002057
0.006952
0.000921
0.001020
0.002557
0.000793
0.000565
0.009242
0.001420
0.003489
0.011000
0.000923
0.001231
0.001643
0.009318
0.007306
0.003506
0.002850
0.001287
0.001823
0.001960
0.002240
0.002363
0.064987
0.008872
0.007846
0.002554
0.006204
0.001607
0.001991
0.004899
0.013120
0.005072
0.003966
0.004235
0.021842
0.002024
0.006011
0.003576
0.006232
0.004428
0.001664
0.002195
0.005384
0.005365
0.001595
0.005031
0.002741
0.001301
0.001390
0.010703
0.005349
0.013580
0.004208
0.010023
0.004703
0.010045
0.002876
0.003272
0.002158
0.004016
0.002120
0.001425
0.003102
0.066359
0.090134
0.015330
0.064313
0.013107
0.220293
0.005012
0.015159
0.014037
0.011343
0.004111
0.030702
0.008876
0.018591
0.008059
0.004368
0.015243
0.011226
0.052846
0.010117
0.006903
0.013897
0.066338
0.005340
0.012089
0.005364
0.010059
0.092055
0.005077
0.078512
0.009480
0.007301
0.079158
0.038515
0.003193
0.038479
0.004458
0.032140
0.002622
0.002597
0.000695
0.002044
0.000820
0.003091
0.009999
0.002741
0.001660
0.003738
0.000696
0.002759
0.011093
0.005478
0.004404
0.008783
0.007882
0.001150
0.003699
0.002414
0.003316
0.001337
0.000907
0.002697
0.002157
0.000931
0.008881
0.003946
0.011363
0.001029
0.009958
0.002500
0.007363
0.001750
0.008414
0.001443
0.002161
0.002153
0.003761
0.002486
0.006428
0.005789
0.291216
0.095074
0.068754
0.037192
0.025101
0.009383
0.088613
0.076768
0.156450
0.021053
0.019983
0.028342
0.011915
0.004103
0.009869
0.005321
0.027801
0.164234
0.004803
0.009912
0.004541
0.004212
0.014748
0.013886
0.004739
0.006528
0.019130
0.017751
0.008969
0.019862
0.020020
0.103081
0.009838
0.008181
0.012736
0.023267
0.003043
0.004430
0.003157
0.001283
0.002408
0.014451
0.001546
0.000815
0.001379
0.003523
0.001673
0.002284
0.002808
0.007647
0.001360
0.000646
0.003351
0.000700
0.001254
0.001273
0.010041
0.001840
0.001165
0.001415
0.001523
0.002123
0.007008
0.001417
0.001156
0.017612
0.005020
0.001352
0.001798
0.001499
0.001580
0.000488
0.000863
0.004163
0.004621
0.001734
0.004106
0.001390
0.000626
0.002455
0.002864
0.005670
0.007905
0.016016
0.219293
0.008143
0.086108
0.003434
0.022765
0.035256
0.018419
0.006384
0.033985
0.007226
0.004136
0.003482
0.004667
0.007040
0.003982
0.002905
0.040036
0.007038
0.006438
0.004783
0.002908
0.007124
0.003667
0.003202
0.006087
0.008053
0.007002
0.003198
0.002202
0.006655
0.002170
0.014454
0.004999
0.012494
0.013412
0.020921
0.003093
0.000752
0.000508
0.001583
0.000477
0.000890
0.000711
0.001130
0.000489
0.000557
0.000801
0.000426
0.000610
0.000411
0.000868
0.000699
0.000312
0.000323
0.000444
0.000559
0.000413
0.001305
0.000540
0.000781
0.003288
0.000601
0.000449
0.002011
0.000374
0.000307
0.000344
0.000562
0.000392
0.000546
0.000849
0.000530
0.000437
0.001072
0.000778
0.000325
0.001314
0.000827
0.002391
0.003767
0.003053
0.001912
0.002910
0.001405
0.004606
0.001750
0.000852
0.000943
0.001955
0.006444
0.001056
0.006010
0.001293
0.008871
0.005933
0.001509
0.001590
0.003927
0.001813
0.002821
0.005809
0.002623
0.003988
0.002161
0.003595
0.000784
0.001111
0.002068
0.019546
0.000737
0.001788
0.002483
0.009050
0.007414
0.005276
0.001275
0.003101
0.002627
0.002562
0.009098
0.002832
0.001121
0.002333
0.002780
0.001279
0.002228
0.001118
0.007032
0.002074
0.005535
0.000808
0.001497
0.002030
0.001672
0.002172
0.001146
0.000708
0.003619
0.005213
0.001737
0.001870
0.001898
0.001256
0.003417
0.001397
0.001020
0.001097
0.001940
0.004778
0.001009
0.003906
0.001471
0.001520
0.004105
0.002061
0.000791
0.001490
0.001410
0.002637
0.023435
0.050456
0.013717
0.011492
0.012536
0.006173
0.015402
0.005409
0.014192
0.004482
0.013264
0.006746
0.004493
0.011756
0.025005
0.048515
0.012361
0.053636
0.004969
0.036450
0.003273
0.009735
0.002917
0.006376
0.096916
0.003858
0.004911
0.003197
0.005198
0.035795
0.003463
0.023616
0.007644
0.017112
0.009106
0.014454
0.003382
0.017261
0.004300
0.011930
0.005645
0.005478
0.002844
0.047399
0.015845
0.018016
0.048580
0.004907
0.027333
0.054811
0.024982
0.015740
0.060000
0.007506
0.024796
0.022868
0.095283
0.006537
0.036008
0.009045
0.002152
0.005204
0.011359
0.040970
0.007925
0.031889
0.013600
0.012767
0.019874
0.005171
0.002669
0.002796
0.005895
0.005969
0.004617
0.050844
0.062380
0.022041
0.005541
0.002271
0.007924
0.050325
0.006823
0.001986
0.112450
0.011711
0.136110
0.009241
0.007993
0.011776
0.021082
0.035488
0.005231
0.026076
0.010987
0.064423
0.022613
0.030400
0.058083
0.070948
0.016929
0.030001
0.017359
0.080155
0.014859
0.008119
0.053173
0.028044
0.008178
0.006565
0.009911
0.011713
0.090796
0.030548
0.063886
0.006740
0.009143
0.005285
0.006986
0.004754
0.003783
0.050667
0.008197
0.022141
0.003594
0.008709
0.008559
0.065652
0.014107
0.027738
0.004255
0.156401
0.017512
0.007747
0.110604
0.010193
0.028301
0.008156
0.014205
0.012088
0.007773
0.038907
0.017083
0.010537
0.036722
0.024007
0.050798
0.004484
0.010869
0.003427
0.054361
0.007983
0.005086
0.009280
0.017882
0.005229
0.037365
0.074502
0.005352
0.003340
0.007897
0.009892
0.008610
0.078327
0.019260
0.016898
0.002173
0.004375
0.013072
0.002608
0.018143
0.001141
0.007341
0.001681
0.011785
0.018101
0.004885
0.016091
0.077991
0.011409
0.038868
0.005973
0.005611
0.003338
0.006062
0.002515
0.008742
0.012762
0.003011
0.002944
0.002328
0.009110
0.008396
0.002227
0.016100
0.001596
0.009403
0.001293
0.002913
0.004527
0.012207
0.005586
0.013900
0.009193
0.002033
0.003269
0.009571
0.009302
0.001419
0.158066
0.032805
0.004418
0.006334
0.005222
0.029924
0.001146
0.009173
0.042256
0.009879
0.006040
0.004898
0.004107
0.012969
0.002039
0.025200
0.332604
0.027943
0.010007
0.002408
0.005929
0.005061
0.001958
0.014883
0.007835
0.033117
0.018762
0.007494
0.023043
0.011774
0.085591
0.012848
0.002163
0.005549
0.110843
0.006196
0.027357
0.011902
0.038944
0.002127
0.152840
0.003643
0.008332
0.002414
0.029564
0.013016
0.026155
0.004586
0.039858
0.002015
0.004167
0.006357
0.004341
0.118056
0.005957
0.004194
0.002490
0.004497
0.001276
0.001225
0.000886
0.001023
0.002205
0.001224
0.006809
0.001691
0.001196
0.000687
0.002961
0.000601
0.000946
0.001446
0.002729
0.001046
0.000654
0.003451
0.004291
0.002238
0.001900
0.001443
0.001802
0.000828
0.001027
0.001875
0.000704
0.001375
0.001332
0.000905
0.002739
0.005268
0.000475
0.000940
0.001603
0.005111
0.001589
0.002417
0.001142
0.001329
0.001389
0.001104
0.001098
0.007213
0.001638
0.012552
0.001755
0.002605
0.003018
0.004993
0.001348
0.001825
0.002891
0.003411
0.009503
0.004191
0.006509
0.026235
0.002857
0.021152
0.005446
0.002702
0.003395
0.001183
0.003469
0.002801
0.002024
0.003029
0.003246
0.007328
0.000855
0.013659
0.002973
0.009101
0.005567
0.002980
0.006976
0.001269
0.002510
0.001197
0.002788
0.001202
0.002182
0.001614
0.007803
0.003958
0.000986
0.006829
0.001440
0.002303
0.006871
0.003513
0.005447
0.001912
0.002187
0.003322
0.001782
0.001446
0.002486
0.005827
0.008832
0.003173
0.004466
0.001456
0.001267
0.003324
0.004601
0.000712
0.002018
0.004065
0.000599
0.004062
0.003623
0.001950
0.009970
0.001060
0.000918
0.010821
0.002037
0.001847
0.002732
0.002648
0.002697
0.005774
0.001175
0.004633
0.000745
0.000671
0.021516
0.000954
0.002125
0.003053
0.009977
0.002345
0.030404
0.000880
0.001294
0.001419
0.012850
0.000678
0.001491
0.002907
0.000899
0.001319
0.002515
0.001883
0.001763
0.010683
0.002300
0.035595
0.004527
0.001364
0.003456
0.002677
0.002711
0.002326
0.005989
0.002098
0.001909
0.002984
0.000860
0.002654
0.005597
0.003092
0.004451
0.002365
0.002045
0.001273
0.001357
0.000921
0.001503
0.006622
0.001913
0.002765
0.002157
0.001562
0.003014
0.001088
0.013790
0.001064
0.054194
0.001278
0.001085
0.001072
0.001812
0.001734
0.004004
0.002734
0.001686
0.001076
0.016393
0.000901
0.007613
0.002439
0.001881
0.001965
0.002466
0.001293
0.001468
0.005287
0.001672
0.004678
0.023128
0.004823
0.002957
0.002536
0.031257
0.007164
0.008703
0.002636
0.017504
0.001829
0.005886
0.015676
0.005063
0.028262
0.046781
0.001838
0.004220
0.004270
0.001313
0.003511
0.001330
0.014080
0.017746
0.001908
0.058450
0.001486
0.023745
0.007527
0.020396
0.033256
0.127257
0.002206
0.056166
0.010992
0.010865
0.006787
0.003415
0.003342
0.007355
0.002717
0.018280
0.003799
0.045594
0.005586
0.006105
0.004248
0.013196
0.029753
0.015771
0.005595
0.009909
0.018397
0.004052
0.014843
0.011712
0.002798
0.002500
0.037262
0.005894
0.022365
0.030056
0.010593
0.011222
0.004471
0.010441
0.038107
0.034471
0.004919
0.157079
0.193565
0.010692
0.020528
0.009193
0.012260
0.003508
0.019064
0.049621
0.004556
0.026717
0.011398
0.051780
0.015261
0.003917
0.010603
0.111499
0.022292
0.010401
0.004490
0.015251
0.126232
0.003632
0.023835
0.027347
0.021167
0.019730
0.006596
0.002857
0.005434
0.000702
0.003743
0.004407
0.005117
0.002436
0.001383
0.000824
0.005731
0.002043
0.001028
0.003087
0.003623
0.004425
0.013925
0.001873
0.000805
0.000750
0.009885
0.003268
0.001560
0.002330
0.002332
0.003306
0.000749
0.003770
0.003325
0.001298
0.004880
0.000879
0.002711
0.001981
0.022329
0.001909
0.001178
0.009861
0.002697
0.002516
0.000852
0.003613
0.001241
0.000577
0.002615
0.001100
0.003980
0.005797
0.001974
0.001527
0.000780
0.001166
0.017785
0.001042
0.002761
0.002868
0.005578
0.000779
0.001431
0.035459
0.005010
0.004300
0.015194
0.024743
0.005848
0.004357
0.004603
0.004827
0.007612
0.039763
0.001890
0.004506
0.004069
0.029929
0.006213
0.001764
0.002866
0.003771
0.007647
0.016950
0.184106
0.021107
0.003284
0.046177
0.019601
0.002871
0.002156
0.001757
0.004273
0.002545
0.064993
0.090421
0.023355
0.006301
0.001702
0.002392
0.002178
0.001260
0.050099
0.007158
0.003155
0.006274
0.021132
0.004831
0.001346
0.005492
0.001677
0.000811
0.001689
0.001865
0.001834
0.004564
0.001855
0.007604
0.001205
0.005441
0.000923
0.001529
0.001930
0.002554
0.000600
0.005902
0.001849
0.004070
0.005041
0.002512
0.004050
0.001956
0.017088
0.007584
0.053633
0.001492
0.000880
0.001519
0.002887
0.002297
0.001421
0.004971
0.002826
0.005371
0.017226
0.002225
0.003698
0.002039
0.002000
0.000761
0.032063
0.001726
0.001982
0.021104
0.002056
0.005166
0.000927
0.009634
0.003435
0.007230
0.001957
0.002181
0.002937
0.001802
0.004148
0.001230
0.007600
0.001105
0.002417
0.004191
0.001936
0.004997
0.003110
0.001615
0.003260
0.000725
0.005199
0.003622
0.006582
0.001615
0.002495
0.001803
0.001254
0.002446
0.005004
0.001326
0.002142
0.000791
0.001352
0.003136
0.001785
0.001133
0.007007
0.001677
0.000723
0.001996
0.002555
0.002327
0.004637
0.001443
0.000929
0.002063
0.002657
0.022517
0.001052
0.004873
0.002778
0.001819
0.004296
0.001440
0.001188
0.001212
0.002239
0.000588
0.001179
0.000905
0.001977
0.001030
0.001594
0.003255
0.001930
0.000962
0.000848
0.000701
0.000880
0.000761
0.001117
0.002569
0.001235
0.000468
0.000934
0.000824
0.001301
0.000553
0.000489
0.000966
0.000744
0.000985
0.001514
0.000479
0.001314
0.000345
0.000906
0.000430
0.001980
0.000960
0.000866
0.001673
0.001890
0.005176
0.001602
0.001660
0.001289
0.000691
0.000779
0.001712
0.000932
0.001296
0.001679
0.001777
0.004459
0.001010
0.000733
0.000625
0.001076
0.001427
0.000806
0.000804
0.001045
0.000497
0.001487
0.002327
0.001691
0.000984
0.001342
0.024117
0.002212
0.001481
0.010299
0.044799
0.004319
0.016079
0.007886
0.109893
0.029796
0.004716
0.011390
0.055748
0.028302
0.081421
0.008149
0.023685
0.007786
0.008994
0.013250
0.029176
0.030933
0.023983
0.005284
0.003304
0.006510
0.081389
0.276854
0.032120
0.080805
0.168554
0.005195
0.072707
0.010775
0.024342
0.018808
0.006609
0.064372
0.015744
0.005883
0.005206
0.145316
0.013743
0.025668
0.007983
0.010268
0.004873
0.006590
0.001324
0.001067
0.001754
0.011359
0.000788
0.003864
0.005892
0.001433
0.004618
0.000784
0.001400
0.000759
0.009096
0.002948
0.002448
0.001216
0.000961
0.000539
0.001549
0.004069
0.000711
0.003027
0.000854
0.000717
0.001338
0.004860
0.003435
0.001387
0.002043
0.003730
0.002724
0.004165
0.000902
0.002539
0.000814
0.001696
0.002473
0.000712
0.000494
0.001194
0.001042
0.001882
0.005219
0.001013
0.002111
0.001257
0.001293
0.001214
0.002496
0.003284
0.005804
0.002138
0.002229
0.001202
0.010228
0.006711
0.002559
0.000981
0.001387
0.001032
0.000847
0.001913
0.001165
0.014790
0.006201
0.036030
0.003356
0.010174
0.061142
0.033910
0.004938
0.002116
0.003202
0.007806
0.004472
0.387502
0.011749
0.008543
0.011562
0.004706
0.001781
0.007686
0.006873
0.001644
0.062586
0.025069
0.010124
0.003072
0.056107
0.004277
0.003746
0.002044
0.278611
0.002849
0.014883
0.003286
0.005136
0.003677
0.007140
0.012921
0.008900
0.001773
0.065706
0.008697
0.006279
0.009290
0.006556
0.016150
0.005332
0.011011
0.008677
0.029341
0.004020
0.004538
0.003412
0.010635
0.007536
0.001958
0.009628
0.037807
0.022479
0.010918
0.007692
0.003107
0.001540
0.000856
0.003127
0.008237
0.004381
0.003914
0.000670
0.001280
0.001065
0.003322
0.000569
0.001517
0.002800
0.003571
0.004727
0.000979
0.002471
0.007162
0.001291
0.005132
0.001029
0.013163
0.001416
0.006221
0.000887
0.003884
0.002721
0.001575
0.012664
0.001597
0.007745
0.003654
0.000774
0.002805
0.006080
0.002600
0.004091
0.001463
0.000691
0.001444
0.005427
0.001264
0.001157
0.114684
0.001233
0.002568
0.001919
0.002754
0.000831
0.001469
0.001537
0.003994
0.052651
0.001201
0.004521
0.029555
0.011389
0.003714
0.060141
0.008572
0.004855
0.027866
0.067176
0.034232
0.043607
0.117067
0.009319
0.006963
0.064791
0.008858
0.021922
0.003614
0.028234
0.001981
0.010230
0.003579
0.005015
0.015090
0.009542
0.005332
0.003276
0.004297
0.005588
0.004981
0.003416
0.062114
0.001878
0.006548
0.002589
0.002001
0.003238
0.003295
0.048453
0.004194
0.002584
0.094866
0.021470
0.010392
0.009623
0.069474
0.028732
0.018466
0.011657
0.009432
0.043872
0.009975
0.003707
0.012514
0.003750
0.001278
0.000944
0.001361
0.000601
0.000543
0.001082
0.000514
0.001127
0.000928
0.000393
0.001332
0.000548
0.000499
0.001079
0.000653
0.000411
0.001139
0.001864
0.001269
0.001143
0.000443
0.000719
0.003098
0.003745
0.000943
0.001089
0.000393
0.000773
0.000315
0.001222
0.000467
0.000435
0.000829
0.001300
0.001441
0.000636
0.000850
0.000383
0.000902
0.000412
0.000976
0.000481
0.003152
0.000695
0.000392
0.001334
0.000927
0.000448
0.000795
0.000701
0.001459
0.000707
0.003586
0.001953
0.000584
0.000566
0.000658
0.001345
0.001129
0.000657
0.001585
0.001071
0.000939
0.003261
0.026231
0.005951
0.003668
0.005906
0.015478
0.225761
0.002168
0.086525
0.023680
0.008255
0.057130
0.147213
0.023845
0.021283
0.003914
0.002986
0.007725
0.002130
0.010234
0.006890
0.004884
0.008685
0.108780
0.003165
0.032429
0.052134
0.020145
0.013503
0.025111
0.048669
0.011337
0.003353
0.003694
0.071063
0.001909
0.019019
0.006965
0.006046
0.017781
0.131212
0.013920
0.003842
0.003821
0.017271
0.011707
0.305285
0.004889
0.017990
0.004021
0.003958
0.003242
0.003793
0.005192
0.009672
0.001980
0.009236
0.005278
0.075981
0.006502
0.003061
0.033940
0.026332
0.006779
0.003714
0.021602
0.010307
0.029460
0.007638
0.001956
0.004577
0.002512
0.004526
0.003155
0.003928
0.001616
0.026358
0.008344
0.002817
0.007337
0.006360
0.005604
0.005344
0.016764
0.004583
0.007971
0.003874
0.002638
0.087342
0.005096
0.003136
0.001732
0.001196
0.001415
0.008196
0.021187
0.004466
0.006534
0.004444
0.005447
0.009038
0.001967
0.004613
0.002343
0.002305
0.000707
0.001300
0.000579
0.000499
0.000553
0.000723
0.000770
0.000372
0.000587
0.001143
0.000892
0.001964
0.000393
0.000492
0.000596
0.000760
0.001654
0.000652
0.000230
0.000843
0.001140
0.001482
0.000826
0.000545
0.000257
0.000684
0.000919
0.000456
0.000494
0.000617
0.000713
0.000681
0.001251
0.001724
0.000375
0.001899
0.000634
0.001348
0.000447
0.000887
0.000644
0.000813
0.000443
0.000832
0.000439
0.000385
0.000276
0.000377
0.000462
0.000696
0.000375
0.000444
0.000568
0.000851
0.000868
0.003549
0.000557
0.000568
0.000920
0.000622
0.000822
0.000950
0.000695
0.000715
0.000430
0.002034
0.000751
0.008306
0.014598
0.063233
0.004135
0.002112
0.010670
0.001948
0.002781
0.013384
0.019968
0.006527
0.002000
0.033231
0.010172
0.001059
0.003490
0.001782
0.001374
0.004271
0.003631
0.005405
0.006752
0.006870
0.027645
0.027676
0.003802
0.018432
0.003619
0.018488
0.003002
0.004079
0.003757
0.008560
0.003564
0.002854
0.002019
0.002636
0.004045
0.017282
0.007040
0.005460
0.001776
0.024866
0.006798
0.007387
0.008365
0.027179
0.002514
0.003322
0.009963
0.007886
0.003989
0.003716
0.013893
0.004301
0.006785
0.038424
0.004653
0.005046
0.006552
0.008532
0.002688
0.003926
0.034356
0.057134
0.003147
0.004867
0.011550
0.001127
0.016690
0.007673
0.005019
0.038500
0.023091
0.001509
0.002041
0.002183
0.011415
0.011873
0.003069
0.003465
0.014897
0.010121
0.042962
0.002514
0.012027
0.001632
0.002268
0.011576
0.008546
0.007301
0.002004
0.010344
0.003750
0.003860
0.002260
0.001473
0.004344
0.007777
0.011700
0.015798
0.021347
0.003820
0.003055
0.001416
0.008685
0.003394
0.002295
0.105874
0.007811
0.004203
0.001780
0.009363
0.007749
0.003967
0.002617
0.004558
0.015118
0.002795
0.001488
0.030292
0.004110
0.089085
0.004474
0.001809
0.010623
0.001651
0.003235
0.007137
0.004492
0.007820
0.002589
0.007516
0.024140
0.003804
0.010544
0.001615
0.084438
0.003742
0.042609
0.024609
0.001673
0.004079
0.104906
0.001787
0.000962
0.026956
0.026793
0.001583
0.002746
0.002518
0.001738
0.033571
0.001770
0.052309
0.006519
0.002345
0.021330
0.002136
0.002310
0.009533
0.000973
0.003030
0.002859
0.001107
0.001031
0.001933
0.001761
0.002360
0.005188
0.008766
0.001159
0.018041
0.001816
0.000793
0.003005
0.001958
0.001004
0.001307
0.007125
0.056735
0.003322
0.001784
0.002899
0.009432
0.012018
0.014676
0.001019
0.009497
0.001453
0.007937
0.004979
0.001449
0.003532
0.001344
0.001565
0.001307
0.014006
0.001347
0.001723
0.001642
0.008090
0.000650
0.002389
0.004118
0.001039
0.002611
0.002469
0.002196
0.001653
0.002094
0.000609
0.005671
0.027337
0.007250
0.005471
0.001477
0.003053
0.002891
0.007580
0.335607
0.002028
0.004486
0.024409
0.022487
0.010780
0.017295
0.002747
0.008717
0.000821
0.000918
0.001488
0.003936
0.004000
0.003388
0.011338
0.001819
0.008213
0.019825
0.003336
0.002042
0.004220
0.000715
0.000631
0.001246
0.000607
0.000527
0.000436
0.001598
0.000417
0.000925
0.002486
0.000636
0.000784
0.000911
0.000995
0.000625
0.002040
0.000604
0.000634
0.000927
0.000984
0.001041
0.000307
0.000357
0.000596
0.000802
0.001179
0.001093
0.001131
0.000700
0.003813
0.000873
0.000449
0.000848
0.000659
0.008227
0.000744
0.000725
0.001621
0.000884
0.000561
0.000690
0.000550
0.000620
0.002358
0.000966
0.000824
0.002250
0.000476
0.001148
0.000483
0.003087
0.000422
0.000527
0.003249
0.000413
0.000478
0.000446
0.000824
0.000586
0.000591
0.000443
0.000889
0.000569
0.000701
0.001899
0.026592
0.002660
0.004898
0.010897
0.003062
0.003992
0.002577
0.002292
0.007953
0.018745
0.005717
0.004486
0.001267
0.005018
0.008870
0.002620
0.011631
0.001805
0.002657
0.014100
0.002826
0.010749
0.001962
0.002925
0.012628
0.009446
0.010071
0.007059
0.006091
0.004927
0.001744
0.002851
0.008046
0.001716
0.018946
0.001739
0.022650
0.004374
0.033503
0.002184
0.004926
0.015865
0.024538
0.003229
0.001508
0.023402
0.023025
0.004664
0.009404
0.004306
0.004755
0.001073
0.013970
0.016919
0.003136
0.004244
0.001338
0.006240
0.001506
0.005505
0.037264
0.008392
0.000897
0.004346
0.054358
0.003612
0.000828
0.001499
0.000976
0.001443
0.000659
0.000568
0.001251
0.002273
0.000733
0.001635
0.001546
0.000690
0.005011
0.000656
0.000671
0.000977
0.001783
0.001623
0.002069
0.000452
0.004694
0.002931
0.000984
0.001823
0.002202
0.000974
0.001853
0.003746
0.001121
0.005136
0.001418
0.000855
0.000922
0.002930
0.000466
0.001206
0.000530
0.000895
0.000733
0.000843
0.001472
0.004055
0.001701
0.001996
0.001734
0.000827
0.001172
0.000898
0.001878
0.004491
0.000663
0.002319
0.000854
0.011785
0.000807
0.000709
0.001220
0.002668
0.000988
0.001311
0.003995
0.000685
0.001207
0.016597
0.000840
0.000989
0.002138
0.001391
0.004811
0.102789
0.122588
0.004473
0.006777
0.032496
0.062203
0.005758
0.087098
0.046661
0.005060
0.020453
0.011421
0.011465
0.059351
0.004480
0.003896
0.011985
0.008415
0.015758
0.008407
0.014225
0.003833
0.019598
0.013427
0.020731
0.021674
0.005768
0.005213
0.015767
0.014603
0.010463
0.031848
0.004365
0.005089
0.003225
0.021829
0.052704
0.019045
0.005248
0.002887
0.004860
0.004349
0.007971
0.003002
0.062106
0.002719
0.044840
0.016585
0.004202
0.004439
0.004287
0.012709
0.006824
0.002927
0.012190
0.014792
0.002537
0.014635
0.002404
0.001808
0.010906
0.001621
0.033147
0.073945
0.003744
0.003638
0.011856
0.018529
0.009582
0.003534
0.001088
0.001187
0.000740
0.001033
0.000936
0.000722
0.000811
0.000798
0.000796
0.000330
0.001607
0.003460
0.007482
0.001620
0.001007
0.007381
0.001175
0.001831
0.000531
0.003503
0.000826
0.001148
0.001428
0.000802
0.001221
0.000853
0.001163
0.004035
0.000395
0.002714
0.000924
0.000950
0.000577
0.001394
0.000507
0.001010
0.000344
0.001048
0.000803
0.001157
0.000539
0.000443
0.000861
0.000958
0.000609
0.000393
0.000711
0.006687
0.006833
0.003590
0.000732
0.000611
0.000657
0.000738
0.000366
0.000841
0.001335
0.000976
0.010142
0.000540
0.000943
0.000646
0.000942
0.000487
0.000963
0.000632
0.001225
0.001186
0.001158
0.002647
0.000644
0.001382
0.004599
0.006811
0.004964
0.025124
0.003762
0.002306
0.006086
0.025145
0.030423
0.003447
0.026899
0.004232
0.001186
0.002141
0.017917
0.002391
0.000987
0.002016
0.002143
0.001839
0.001182
0.002182
0.001187
0.002129
0.000712
0.001681
0.002423
0.021836
0.001317
0.000845
0.001026
0.002907
0.001153
0.001842
0.003637
0.005176
0.014304
0.013788
0.002431
0.007188
0.001171
0.002093
0.424288
0.003115
0.002753
0.002015
0.010297
0.006339
0.010581
0.032063
0.009671
0.002517
0.004638
0.028632
0.002209
0.020294
0.004993
0.001463
0.006056
0.001044
0.000858
0.001551
0.038067
0.001954
0.004285
0.002324
0.006321
0.001732
0.001571
0.005084
0.004949
0.005994
0.001744
0.034297
0.001753
0.001262
0.003272
0.003148
0.000900
0.002183
0.002447
0.003849
0.001950
0.001357
0.000750
0.000645
0.000738
0.001266
0.000633
0.002620
0.006115
0.007543
0.003045
0.000911
0.002800
0.000860
0.000711
0.000784
0.009392
0.001263
0.000692
0.000922
0.001210
0.007648
0.002317
0.001640
0.000667
0.001832
0.001877
0.012062
0.000716
0.001571
0.002017
0.001388
0.001058
0.002588
0.000676
0.001552
0.001955
0.004337
0.001093
0.002322
0.002740
0.002327
0.001672
0.001337
0.002690
0.001560
0.000693
0.001551
0.001639
0.004031
0.000555
0.000457
0.001695
0.001352
0.001239
0.000634
0.001216
0.002050
0.007942
0.004971
0.002398
0.001792
0.016745
0.000746
0.002315
0.000474
0.005167
0.001677
0.001539
0.001356
0.001386
0.001156
0.022616
0.003620
0.001780
0.002488
0.002266
0.000627
0.002993
0.002728
0.001715
0.018693
0.005323
0.003834
0.001388
0.002100
0.002567
0.000949
0.003515
0.000856
0.029623
0.007545
0.002954
0.002078
0.003128
0.002945
0.001742
0.002626
0.001004
0.011515
0.001966
0.005008
0.000618
0.001071
0.012820
0.006524
0.001958
0.030919
0.003671
0.006767
0.003026
0.004245
0.006789
0.002087
0.005319
0.006654
0.002780
0.002292
0.004549
0.017977
0.001253
0.024199
0.000722
0.000744
0.050465
0.002137
0.003233
0.001851
0.001360
0.001420
0.000523
0.000529
0.001459
0.001631
0.016476
0.001143
0.000632
0.001521
0.001032
0.005267
0.000950
0.003054
0.002328
0.000704
0.000706
0.008985
0.003970
0.001044
0.005117
0.001727
0.002800
0.004000
0.001192
0.003155
0.002476
0.000539
0.003250
0.005193
0.001243
0.002602
0.002900
0.001153
0.000636
0.002678
0.002386
0.001176
0.003547
0.000423
0.003364
0.000417
0.003436
0.002987
0.001813
0.002881
0.014130
0.011619
0.001638
0.005111
0.001075
0.001191
0.002951
0.002226
0.000930
0.001669
0.001605
0.005484
0.002511
0.001443
0.000881
0.000442
0.001102
0.002678
0.002186
0.001048
0.000861
0.002796
0.001118
0.004180
0.001850
0.008801
0.001732
0.001148
0.000899
0.004733
0.001436
0.000653
0.000669
0.001551
0.000457
0.000576
0.008819
0.001388
0.000895
0.000965
0.000394
0.010408
0.001139
0.000798
0.000483
0.000970
0.000465
0.000768
0.000441
0.000541
0.000790
0.001117
0.002757
0.000504
0.000805
0.001027
0.000378
0.000872
0.000819
0.001614
0.000897
0.000626
0.000753
0.000641
0.000897
0.002039
0.001584
0.000889
0.005007
0.000393
0.001519
0.001343
0.010586
0.001554
0.000764
0.000333
0.001465
0.006227
0.017435
0.001601
0.000625
0.000709
0.001686
0.001229
0.002138
0.000735
0.000995
0.000732
0.000738
0.000595
0.000721
0.001720
0.001871
0.000434
0.000587
0.000686
0.001184
0.001215
0.001188
0.014448
0.003794
0.000648
0.000696
0.002643
0.001288
0.001844
0.007613
0.001371
0.001340
0.001096
0.000879
0.002043
0.003373
0.001072
0.016538
0.001489
0.002134
0.001754
0.001531
0.000995
0.002378
0.002341
0.001280
0.002726
0.003857
0.001960
0.004328
0.005344
0.004939
0.000736
0.001210
0.002953
0.015265
0.002024
0.002620
0.000933
0.003090
0.002889
0.005141
0.001787
0.003846
0.005952
0.001399
0.011162
0.001215
0.002840
0.001437
0.003043
0.005058
0.002170
0.005216
0.003079
0.000937
0.001703
0.001531
0.004279
0.001301
0.001162
0.001705
0.001320
0.001081
0.003443
0.002282
0.001634
0.005950
0.002365
0.017252
0.002373
0.008706
0.001095
0.001833
0.001572
0.001172
0.004513
0.004698
0.054716
0.007082
0.007149
0.007720
0.001514
0.005271
0.001069
0.002227
0.000903
0.000719
0.002105
0.003064
0.003305
0.000492
0.001521
0.001251
0.000752
0.000933
0.002123
0.001104
0.001141
0.000567
0.001173
0.000768
0.000808
0.000602
0.000808
0.014799
0.000974
0.000822
0.000533
0.000755
0.001380
0.000501
0.000506
0.000428
0.000756
0.000460
0.000537
0.000812
0.000915
0.000842
0.001147
0.000827
0.000699
0.001655
0.000638
0.000362
0.001312
0.000528
0.001891
0.000532
0.000247
0.000573
0.000756
0.000341
0.001103
0.000572
0.000856
0.000971
0.000609
0.001352
0.000336
0.000998
0.000497
0.000259
0.000539
0.000586
0.001041
0.000684
0.000929
0.001043
0.001068
0.000300
0.000792
0.000454
0.001453
0.001413
0.000356
0.001172
0.001091
0.018009
0.001423
0.004099
0.008685
0.001800
0.001029
0.003798
0.001981
0.082116
0.002184
0.004666
0.001272
0.010848
0.006746
0.010261
0.001600
0.023484
0.006950
0.006111
0.005237
0.004563
0.003344
0.003166
0.007609
0.000967
0.010127
0.008886
0.064609
0.002012
0.002378
0.003289
0.005618
0.017879
0.004880
0.003266
0.002358
0.000839
0.002226
0.004653
0.000914
0.002945
0.006169
0.009973
0.001866
0.003123
0.005889
0.003198
0.028635
0.001751
0.005686
0.002884
0.002258
0.001255
0.001234
0.003233
0.005909
0.003125
0.000954
0.009871
0.001007
0.007184
0.000669
0.001411
0.020412
0.004746
0.004048
0.001737
0.000935
0.002930
0.013285
0.013375
0.001065
0.005703
0.008075
0.001293
0.010292
