1.990779 1.587144
2.000000 2.071886
2.009263 2.061187
2.018570 2.323166
2.027919 2.281256
2.037312 1.970098
2.046748 2.108664
2.056228 2.085420
2.065751 2.074824
2.075319 2.222559
2.084932 1.823836
2.094588 2.467413
2.104290 2.211005
2.114036 2.090199
2.123828 2.203909
2.133664 2.281292
2.143547 2.203093
2.153475 2.129219
2.163449 2.055249
2.173470 2.249243
2.183537 2.362746
2.193650 2.110305
2.203810 2.327083
2.214018 2.254467
2.224272 2.355340
2.234574 2.290517
2.244924 2.360770
2.255322 2.306324
2.265768 2.324656
2.276262 2.441392
2.286805 2.327757
2.297397 2.342993
2.308038 2.501050
2.318727 2.383620
2.329467 1.990042
2.340256 2.349406
2.351096 2.347049
2.361985 2.222557
2.372925 2.304800
2.383916 2.757865
2.394957 2.119884
2.406050 2.924385
2.417194 2.256869
2.428390 2.228971
2.439637 2.402580
2.450937 2.736399
2.462289 2.760825
2.473693 2.853198
2.485151 2.597297
2.496661 2.638917
2.508225 2.651636
2.519842 2.473285
2.531513 2.810078
2.543238 2.308084
2.555018 2.552963
2.566852 2.728302
2.578741 2.780635
2.590684 2.663395
2.602684 2.509575
2.614738 2.758910
2.626849 2.252322
2.639016 2.737640
2.651239 3.073379
2.663519 2.856866
2.675855 2.953038
2.688249 2.982843
2.700700 2.900527
2.713209 2.985331
2.725775 3.068585
2.738400 2.992247
2.751084 2.755572
2.763826 2.938414
2.776627 3.063255
2.789487 2.910864
2.802407 2.824613
2.815387 2.866086
2.828427 3.319237
2.841527 3.056028
2.854688 2.613624
2.867910 2.944076
2.881194 3.196573
2.894538 3.106097
2.907945 2.770998
2.921414 2.990690
2.934945 3.173776
2.948539 2.884752
2.962195 3.007267
2.975915 3.062676
2.989698 3.195865
3.003546 3.092131
3.017457 3.313392
3.031433 3.050171
3.045474 3.160088
3.059579 2.899445
3.073750 2.907261
3.087987 2.831266
3.102289 3.246821
3.116658 3.444831
3.131094 2.971452
3.145596 3.412094
3.160165 3.282628
3.174802 3.529068
3.189507 3.175877
3.204279 3.216838
3.219121 2.903906
3.234031 3.520707
3.249010 3.485650
3.264058 2.975529
3.279176 2.642564
3.294364 3.857718
3.309623 3.676007
3.324952 3.257267
3.340352 3.490130
3.355823 3.430248
3.371366 3.153924
3.386981 3.932910
3.402669 3.340658
3.418429 3.101901
3.434262 3.895344
3.450168 3.453881
3.466148 3.938033
3.482202 3.736993
3.498331 3.367647
3.514534 3.699091
3.530812 3.995411
3.547166 3.392969
3.563595 3.453043
3.580100 3.511639
3.596682 3.695976
3.613341 3.891153
3.630077 3.871712
3.646890 3.745708
3.663781 3.906678
3.680751 3.644148
3.697799 3.908422
3.714926 3.585855
3.732132 4.065766
3.749418 4.011124
3.766784 4.042444
3.784230 4.385147
3.801758 3.717101
3.819366 4.184015
3.837056 3.678504
3.854828 3.782759
3.872683 3.848927
3.890620 3.978243
3.908640 3.508690
3.926744 4.525814
3.944931 4.209867
3.963202 4.272153
3.981559 4.425716
4.000000 4.573422
4.018527 4.373313
4.037139 4.089095
4.055838 4.309476
4.074623 4.004412
4.093495 4.278553
4.112455 3.921068
4.131503 4.088967
4.150639 4.374517
4.169863 4.491795
4.189177 4.488902
4.208580 4.379546
4.228072 4.396818
4.247655 4.294615
4.267329 4.174045
4.287094 4.434328
4.306950 3.908393
4.326899 4.976263
4.346940 4.841486
4.367073 4.939136
4.387300 4.922072
4.407620 4.365550
4.428035 4.506965
4.448545 4.977050
4.469149 4.925562
4.489848 4.729245
4.510643 4.217960
4.531536 5.055283
4.552524 4.244824
4.573610 4.865446
4.594793 5.003159
4.616075 4.659042
4.637455 5.018786
4.658934 5.122806
4.680513 4.915003
4.702192 4.927025
4.723970 5.114234
4.745851 4.673335
4.767832 4.705241
4.789915 5.315097
4.812100 4.871771
4.834388 4.673120
4.856780 5.185835
4.879274 4.704993
4.901874 5.366651
4.924578 5.235991
4.947387 5.640728
4.970301 5.701405
4.993322 4.695904
5.016449 5.158591
5.039684 5.316708
5.063026 5.176716
5.086477 5.702909
5.110035 4.762282
5.133704 5.000284
5.157481 4.955841
5.181369 5.310118
5.205368 5.781286
5.229477 5.594519
5.253698 5.300658
5.278032 6.066548
5.302478 5.929963
5.327037 5.515793
5.351710 5.148893
5.376498 5.936767
5.401400 5.734858
5.426417 5.803896
5.451550 5.860284
5.476800 5.617836
5.502167 5.994397
5.527651 5.235169
5.553254 5.880620
5.578975 5.784470
5.604815 5.812247
5.630774 5.844299
5.656854 5.772127
5.683055 5.621125
5.709377 5.767583
5.735821 6.079943
5.762387 5.287550
5.789077 6.135190
5.815890 5.906039
5.842827 5.900777
5.869889 6.291239
5.897077 5.901191
5.924390 6.251093
5.951830 6.098830
5.979397 5.877487
6.007092 6.516476
6.034914 5.813758
6.062866 6.837037
6.090948 6.131594
6.119159 6.617284
6.147501 6.182153
6.175974 6.212260
6.204579 6.165590
6.233316 6.543961
6.262187 6.693566
6.291192 6.288424
6.320331 6.329837
6.349604 6.719399
6.379014 6.517438
6.408559 7.291375
6.438241 6.472228
6.468061 6.381287
6.498019 6.712420
6.528116 7.008543
6.558352 6.801960
6.588728 6.948420
6.619245 6.634240
6.649903 6.831896
6.680703 7.310454
6.711646 7.206053
6.742733 7.517458
6.773962 7.157523
6.805337 7.247898
6.836857 7.295493
6.868524 6.958101
6.900336 7.420792
6.932296 7.306300
6.964405 7.770532
6.996661 7.110850
7.029068 7.301317
7.061624 7.011677
7.094331 7.421172
7.127190 7.398650
7.160201 7.705775
7.193364 7.516625
7.226682 7.498595
7.260153 7.984097
7.293780 7.498711
7.327562 7.515746
7.361501 7.635561
7.395597 7.392484
7.429851 8.105319
7.464264 7.508957
7.498836 7.612841
7.533568 7.550910
7.568461 7.198837
7.603516 7.472270
7.638733 7.913694
7.674113 7.918556
7.709657 7.890072
7.745366 7.871257
7.781240 7.876841
7.817280 7.967130
7.853487 8.000463
7.889862 7.631408
7.926405 8.074389
7.963118 8.493690
