0.063982 1.000000
0.117549 1.019853
0.175580 1.040100
0.232122 1.060749
0.291641 1.081808
0.349671 1.103285
0.422581 1.125188
0.486564 1.147527
0.553522 1.170308
0.617504 1.193542
0.690415 1.217238
0.752909 1.241403
0.821355 1.266049
0.900217 1.291184
0.967175 1.316817
1.034134 1.342960
1.104068 1.369622
1.168050 1.396813
1.243937 1.424543
1.312383 1.452825
1.382317 1.481668
1.449275 1.511083
1.517722 1.541082
1.590632 1.571677
1.669494 1.602880
1.749844 1.634701
1.837634 1.667155
1.923935 1.700253
2.004285 1.734008
2.090587 1.768433
2.182841 1.803541
2.270631 1.839347
2.358420 1.875863
2.449186 1.913105
2.542928 1.951085
2.629230 1.989820
2.718507 2.029324
2.807785 2.069612
2.907478 2.110700
3.007172 2.152603
3.105377 2.195338
3.202095 2.238922
3.304765 2.283371
3.402970 2.328703
3.504152 2.374935
3.605333 2.422084
3.713954 2.470169
3.824063 2.519209
3.929708 2.569223
4.044281 2.620229
4.151415 2.672249
4.261524 2.725301
4.365682 2.779406
4.480255 2.834585
4.585900 2.890860
4.701961 2.948252
4.832902 3.006783
4.950451 3.066477
5.088831 3.127355
5.207868 3.189442
5.331369 3.252762
5.468262 3.317339
5.599203 3.383197
5.737583 3.450364
5.877451 3.518863
6.011368 3.588723
6.149749 3.659970
6.292593 3.732631
6.432462 3.806734
6.563402 3.882309
6.703270 3.959384
6.853554 4.037990
6.997887 4.118155
7.140732 4.199913
7.301431 4.283293
7.448740 4.368329
7.604976 4.455053
7.761212 4.543499
7.911496 4.633700
8.087075 4.725693
8.246287 4.819511
8.412939 4.915193
8.579591 5.012774
8.743267 5.112292
8.906942 5.213786
9.079547 5.317295
9.268517 5.422858
9.448561 5.530518
9.625628 5.640315
9.811625 5.752291
9.991668 5.866491
10.176175 5.982958
10.368122 6.101737
10.561557 6.222874
10.765408 6.346416
10.963306 6.472411
11.179061 6.600907
11.384400 6.731954
11.597178 6.865603
11.808469 7.001905
12.004881 7.140913
12.204268 7.282681
12.421510 7.427264
12.626849 7.574717
12.850043 7.725097
13.067286 7.878462
13.286016 8.034873
13.494330 8.194388
13.726454 8.357071
13.951135 8.522983
14.195161 8.692189
14.433235 8.864754
14.665358 9.040745
14.909384 9.220230
15.151921 9.403278
15.404874 9.589961
15.660805 9.780350
15.927150 9.974518
16.187542 10.172541
16.455376 10.374496
16.708330 10.580460
16.977652 10.790512
17.252924 11.004735
17.526709 11.223211
17.803469 11.446025
18.086184 11.673262
18.368895 11.905009
18.657560 12.141358
18.950689 12.382400
19.251257 12.628226
19.560753 12.878934
19.870251 13.134618
20.166353 13.395378
20.456507 13.661315
20.768980 13.932532
21.084427 14.209133
21.410292 14.491226
21.715324 14.778919
22.044163 15.072324
22.380444 15.371552
22.718208 15.676723
23.060440 15.987951
23.396721 16.305359
23.747879 16.629066
24.088623 16.959202
24.445734 17.295893
24.795406 17.639265
25.143587 17.989456
25.494749 18.346600
25.868225 18.710833
26.255095 19.082296
26.627087 19.461136
27.013958 19.847496
27.405293 20.241528
27.771330 20.643379
28.165642 21.053211
28.553999 21.471178
28.961700 21.897444
29.358986 22.332172
29.759249 22.775530
30.158022 23.227690
30.576139 23.688828
31.004673 24.159121
31.434694 24.638748
31.866201 25.127899
32.303665 25.626760
32.736660 26.135527
33.183052 26.654392
33.623486 27.183559
34.084755 27.723232
34.544533 28.273619
35.005802 28.834932
35.471535 29.407391
35.946198 29.991213
36.420856 30.586626
36.914860 31.193859
37.393982 31.813147
37.893940 32.444733
38.374550 33.088852
38.870041 33.745762
39.378922 34.415714
39.895248 35.098965
40.413059 35.795784
40.945747 36.506432
41.475464 37.231194
42.002201 37.970341
42.536381 38.724159
43.069069 39.492947
43.621105 40.276997
44.150822 41.076614
44.720711 41.892105
45.302502 42.723782
45.882809 43.571976
46.445255 44.437004
47.033005 45.319210
47.620750 46.218925
48.207005 47.136505
48.773918 48.072304
49.389935 49.026676
50.000000 50.000000
