-6.465397 -6.465397
-6.465397 -5.657222
-6.465397 -4.849048
-6.465397 -4.040873
-6.465397 -3.232698
-6.465397 -2.424524
-6.465397 -1.616349
-6.465397 -0.808175
-6.465397 0.000000
-6.465397 0.808175
-6.465397 1.616349
-6.465397 2.424524
-6.465397 3.232698
-6.465397 4.040873
-6.465397 4.849048
-6.465397 5.657222
-6.465397 6.465397
-5.657222 -6.465397
-5.657222 -5.657222
-5.657222 -4.849048
-5.657222 -4.040873
-5.657222 -3.232698
-5.657222 -2.424524
-5.657222 -1.616349
-5.657222 -0.808175
-5.657222 0.000000
-5.657222 0.808175
-5.657222 1.616349
-5.657222 2.424524
-5.657222 3.232698
-5.657222 4.040873
-5.657222 4.849048
-5.657222 5.657222
-5.657222 6.465397
-4.849048 -6.465397
-4.849048 -5.657222
-4.849048 -4.849048
-4.849048 -4.040873
-4.849048 -3.232698
-4.849048 -2.424524
-4.849048 -1.616349
-4.849048 -0.808175
-4.849048 0.000000
-4.849048 0.808175
-4.849048 1.616349
-4.849048 2.424524
-4.849048 3.232698
-4.849048 4.040873
-4.849048 4.849048
-4.849048 5.657222
-4.849048 6.465397
-4.040873 -6.465397
-4.040873 -5.657222
-4.040873 -4.849048
-4.040873 -4.040873
-4.040873 -3.232698
-4.040873 -2.424524
-4.040873 -1.616349
-4.040873 -0.808175
-4.040873 0.000000
-4.040873 0.808175
-4.040873 1.616349
-4.040873 2.424524
-4.040873 3.232698
-4.040873 4.040873
-4.040873 4.849048
-4.040873 5.657222
-4.040873 6.465397
-3.232698 -6.465397
-3.232698 -5.657222
-3.232698 -4.849048
-3.232698 -4.040873
-3.232698 -3.232698
-3.232698 -2.424524
-3.232698 -1.616349
-3.232698 -0.808175
-3.232698 0.000000
-3.232698 0.808175
-3.232698 1.616349
-3.232698 2.424524
-3.232698 3.232698
-3.232698 4.040873
-3.232698 4.849048
-3.232698 5.657222
-3.232698 6.465397
-2.424524 -6.465397
-2.424524 -5.657222
-2.424524 -4.849048
-2.424524 -4.040873
-2.424524 -3.232698
-2.424524 -2.424524
-2.424524 -1.616349
-2.424524 -0.808175
-2.424524 0.000000
-2.424524 0.808175
-2.424524 1.616349
-2.424524 2.424524
-2.424524 3.232698
-2.424524 4.040873
-2.424524 4.849048
-2.424524 5.657222
-2.424524 6.465397
-1.616349 -6.465397
-1.616349 -5.657222
-1.616349 -4.849048
-1.616349 -4.040873
-1.616349 -3.232698
-1.616349 -2.424524
-1.616349 -1.616349
-1.616349 -0.808175
-1.616349 0.000000
-1.616349 0.808175
-1.616349 1.616349
-1.616349 2.424524
-1.616349 3.232698
-1.616349 4.040873
-1.616349 4.849048
-1.616349 5.657222
-1.616349 6.465397
-0.808175 -6.465397
-0.808175 -5.657222
-0.808175 -4.849048
-0.808175 -4.040873
-0.808175 -3.232698
-0.808175 -2.424524
-0.808175 -1.616349
-0.808175 -0.808175
-0.808175 0.000000
-0.808175 0.808175
-0.808175 1.616349
-0.808175 2.424524
-0.808175 3.232698
-0.808175 4.040873
-0.808175 4.849048
-0.808175 5.657222
-0.808175 6.465397
0.000000 -6.465397
0.000000 -5.657222
0.000000 -4.849048
0.000000 -4.040873
0.000000 -3.232698
0.000000 -2.424524
0.000000 -1.616349
0.000000 -0.808175
0.000000 0.000000
0.000000 0.808175
0.000000 1.616349
0.000000 2.424524
0.000000 3.232698
0.000000 4.040873
0.000000 4.849048
0.000000 5.657222
0.000000 6.465397
0.808175 -6.465397
0.808175 -5.657222
0.808175 -4.849048
0.808175 -4.040873
0.808175 -3.232698
0.808175 -2.424524
0.808175 -1.616349
0.808175 -0.808175
0.808175 0.000000
0.808175 0.808175
0.808175 1.616349
0.808175 2.424524
0.808175 3.232698
0.808175 4.040873
0.808175 4.849048
0.808175 5.657222
0.808175 6.465397
1.616349 -6.465397
1.616349 -5.657222
1.616349 -4.849048
1.616349 -4.040873
1.616349 -3.232698
1.616349 -2.424524
1.616349 -1.616349
1.616349 -0.808175
1.616349 0.000000
1.616349 0.808175
1.616349 1.616349
1.616349 2.424524
1.616349 3.232698
1.616349 4.040873
1.616349 4.849048
1.616349 5.657222
1.616349 6.465397
2.424524 -6.465397
2.424524 -5.657222
2.424524 -4.849048
2.424524 -4.040873
2.424524 -3.232698
2.424524 -2.424524
2.424524 -1.616349
2.424524 -0.808175
2.424524 0.000000
2.424524 0.808175
2.424524 1.616349
2.424524 2.424524
2.424524 3.232698
2.424524 4.040873
2.424524 4.849048
2.424524 5.657222
2.424524 6.465397
3.232698 -6.465397
3.232698 -5.657222
3.232698 -4.849048
3.232698 -4.040873
3.232698 -3.232698
3.232698 -2.424524
3.232698 -1.616349
3.232698 -0.808175
3.232698 0.000000
3.232698 0.808175
3.232698 1.616349
3.232698 2.424524
3.232698 3.232698
3.232698 4.040873
3.232698 4.849048
3.232698 5.657222
3.232698 6.465397
4.040873 -6.465397
4.040873 -5.657222
4.040873 -4.849048
4.040873 -4.040873
4.040873 -3.232698
4.040873 -2.424524
4.040873 -1.616349
4.040873 -0.808175
4.040873 0.000000
4.040873 0.808175
4.040873 1.616349
4.040873 2.424524
4.040873 3.232698
4.040873 4.040873
4.040873 4.849048
4.040873 5.657222
4.040873 6.465397
4.849048 -6.465397
4.849048 -5.657222
4.849048 -4.849048
4.849048 -4.040873
4.849048 -3.232698
4.849048 -2.424524
4.849048 -1.616349
4.849048 -0.808175
4.849048 0.000000
4.849048 0.808175
4.849048 1.616349
4.849048 2.424524
4.849048 3.232698
4.849048 4.040873
4.849048 4.849048
4.849048 5.657222
4.849048 6.465397
5.657222 -6.465397
5.657222 -5.657222
5.657222 -4.849048
5.657222 -4.040873
5.657222 -3.232698
5.657222 -2.424524
5.657222 -1.616349
5.657222 -0.808175
5.657222 0.000000
5.657222 0.808175
5.657222 1.616349
5.657222 2.424524
5.657222 3.232698
5.657222 4.040873
5.657222 4.849048
5.657222 5.657222
5.657222 6.465397
6.465397 -6.465397
6.465397 -5.657222
6.465397 -4.849048
6.465397 -4.040873
6.465397 -3.232698
6.465397 -2.424524
6.465397 -1.616349
6.465397 -0.808175
6.465397 0.000000
6.465397 0.808175
6.465397 1.616349
6.465397 2.424524
6.465397 3.232698
6.465397 4.040873
6.465397 4.849048
6.465397 5.657222
6.465397 6.465397
