1.986116 1.890881
2.000000 2.163140
2.013981 1.699367
2.028060 1.998131
2.042238 2.204526
2.056514 2.032911
2.070890 1.935052
2.085367 2.072703
2.099945 1.900320
2.114625 2.103414
2.129408 2.136477
2.144294 2.556081
2.159284 2.360941
2.174378 2.013447
2.189579 2.084801
2.204885 2.323790
2.220299 2.315078
2.235820 2.327354
2.251450 2.520024
2.267189 2.335376
2.283038 2.426785
2.298998 2.446473
2.315069 2.287565
2.331253 2.442354
2.347550 2.522174
2.363961 2.495445
2.380486 2.381801
2.397127 2.799656
2.413885 2.298823
2.430759 2.207202
2.447752 2.635798
2.464863 2.755008
2.482094 2.551819
2.499445 2.199363
2.516918 2.482376
2.534513 2.853167
2.552231 2.936506
2.570072 2.722521
2.588039 2.393527
2.606131 1.948139
2.624349 3.010573
2.642695 2.447215
2.661169 2.704475
2.679773 2.989133
2.698506 3.049109
2.717370 2.871094
2.736366 2.787469
2.755495 2.728428
2.774758 3.031243
2.794155 3.083160
2.813688 3.326397
2.833357 3.134908
2.853164 3.209409
2.873110 2.753982
2.893194 3.304736
2.913420 2.806093
2.933786 3.020817
2.954295 3.412715
2.974948 3.052421
2.995744 2.744889
3.016687 3.096899
3.037775 2.802516
3.059011 3.252409
3.080395 3.107205
3.101929 2.785234
3.123614 3.371635
3.145450 2.838843
3.167439 2.863761
3.189581 2.886938
3.211878 3.731693
3.234331 3.463192
3.256941 3.004879
3.279709 3.533184
3.302636 3.612753
3.325724 3.189349
3.348973 3.259587
3.372384 3.437852
3.395959 3.102809
3.419699 3.757069
3.443605 3.308874
3.467678 3.358439
3.491919 3.496130
3.516330 3.643158
3.540911 4.184614
3.565664 3.695826
3.590590 3.734869
3.615691 3.781080
3.640967 3.706334
3.666420 4.026167
3.692050 3.514966
3.717860 3.782873
3.743850 3.674864
3.770022 4.122192
3.796377 3.921353
3.822916 3.678538
3.849640 3.894682
3.876552 3.793938
3.903651 3.886813
3.930940 3.661765
3.958420 3.976516
3.986092 4.129072
4.013957 4.180166
4.042017 3.962843
4.070273 4.228805
4.098727 4.221744
4.127379 4.638428
4.156232 4.545532
4.185287 4.705459
4.214545 4.208137
4.244007 4.102347
4.273675 4.366086
4.303551 4.067461
4.333636 4.084062
4.363931 4.678643
4.394437 5.145099
4.425157 4.102139
4.456091 4.500813
4.487243 4.571947
4.518611 4.484898
4.550199 4.533421
4.582008 4.977001
4.614039 4.711298
4.646294 4.655011
4.678774 4.430799
4.711482 5.075014
4.744418 4.977291
4.777585 4.691673
4.810983 4.838595
4.844615 5.304336
4.878481 4.906923
4.912585 4.533164
4.946927 4.738040
4.981509 5.511402
5.016333 5.482257
5.051401 5.014581
5.086713 5.227526
5.122272 5.097965
5.158080 5.217083
5.194138 5.426388
5.230449 5.432593
5.267013 5.116668
5.303833 5.586245
5.340909 5.449051
5.378246 5.154999
5.415843 6.111031
5.453703 5.530671
5.491828 5.524014
5.530219 5.819621
5.568879 5.573726
5.607809 5.698242
5.647011 5.957174
5.686487 5.550975
5.726239 5.662579
5.766269 5.739064
5.806579 6.322918
5.847171 5.969787
5.888046 6.192528
5.929207 5.756557
5.970656 6.231188
6.012394 6.011256
6.054425 6.609118
6.096749 6.247175
6.139369 6.676998
6.182287 5.907537
6.225505 6.183360
6.269025 6.439991
6.312850 6.759725
6.356981 6.696233
6.401420 6.869778
6.446170 6.664346
6.491233 6.306847
6.536611 6.060528
6.582305 6.992278
6.628320 6.972950
6.674656 7.284595
6.721316 6.428941
6.768302 7.016862
6.815617 6.394278
6.863262 6.476302
6.911241 6.576829
6.959555 7.021935
7.008206 7.032098
7.057198 7.177178
7.106532 7.024662
7.156211 7.202181
7.206238 6.671523
7.256614 7.116802
7.307342 6.463484
7.358425 7.037762
7.409865 7.315321
7.461665 7.583253
7.513826 7.383021
7.566352 7.086402
7.619246 7.487310
7.672509 7.552442
7.726145 8.164328
7.780156 8.158373
7.834544 8.189495
7.889312 7.592335
7.944463 7.860410
